Working Values

P: 0.045
I: 0.00001
D: 0.065
F: 0.00

Value Set 2

P: 0.05
I: 0.00001
D: 0.065
F: 0.00

Value Set 3 (exact 90)

P: 0.052
I: 0.0001
D: 0.075
F: 0
